   6
2j1nA @2.0   0  92  45  87  86  22
3vy8X @2.1  92   0  92  95  95  93
4d65A @2.2  45  92   0  88  87  48
6ehdA @1.7  87  95  88   0   8  87
6eheA @2.3  86  95  87   8   0  86
7pzfA @1.5  22  93  48  87  86   0
